T
grass
24
0   -19.0    1.0   -19.0     0.0   0.0 
1    19.0    1.0   -19.0     1.0   0.0
2    19.0    1.0    19.0     1.0   1.0 
3   -19.0    1.0    19.0     0.0   1.0
4   -20.0   -1.0   -20.0     0.0   0.0
5    20.0   -1.0   -20.0     1.0   0.0
6    20.0   -1.0    20.0     1.0   1.0
7   -20.0   -1.0    20.0     0.0   1.0
8   -19.0    1.0   -19.0     0.0   0.0
9    19.0    1.0   -19.0     1.0   0.0 
10   19.0    1.0    19.0     1.0   1.0  
11  -19.0    1.0    19.0     0.0   1.0    
12  -20.0   -1.0   -20.0     0.0   0.0
13   20.0   -1.0   -20.0     1.0   0.0
14   20.0   -1.0    20.0     1.0   1.0
15  -20.0   -1.0    20.0     0.0   1.0
16  -19.0    1.0   -19.0     0.0   0.0
17   19.0    1.0   -19.0     1.0   0.0 
18   19.0    1.0    19.0     1.0   1.0
19  -19.0    1.0    19.0     0.0   1.0   
20  -20.0   -1.0   -20.0     0.0   0.0
21   20.0   -1.0   -20.0     1.0   0.0
22   20.0   -1.0    20.0     1.0   1.0 
23  -20.0   -1.0    20.0     0.0   1.0
12
0   3  1  0
1   2  1  3
2   8 13 12
3   9 13  8
4  19 20 23
5  16 20 19
6  17 22 21 
7  18 22 17
8  10 15 14
9  11 15 10
10  6  4  5 
11  7  4  6 