C
24
0   -1.0    1.0   -1.0     1.0   0.0   0.0   0.5
1    1.0    1.0   -1.0     1.0   0.0   0.0   0.5
2    1.0    1.0    1.0     1.0   0.0   0.0   0.5 
3   -1.0    1.0    1.0     1.0   0.0   0.0   0.5
4   -1.0   -1.0   -1.0     0.0   1.0   0.0   0.5
5    1.0   -1.0   -1.0     0.0   1.0   0.0   0.5
6    1.0   -1.0    1.0     0.0   1.0   0.0   0.5
7   -1.0   -1.0    1.0     0.0   1.0   0.0   0.5 
8   -1.0    1.0   -1.0     0.0   0.0   1.0   0.5
9    1.0    1.0   -1.0     0.0   0.0   1.0   0.5 
10   1.0    1.0    1.0     1.0   0.0   1.0   0.5   
11  -1.0    1.0    1.0     1.0   0.0   1.0   0.5     
12  -1.0   -1.0   -1.0     0.0   0.0   1.0   0.5
13   1.0   -1.0   -1.0     0.0   0.0   1.0   0.5
14   1.0   -1.0    1.0     1.0   0.0   1.0   0.5
15  -1.0   -1.0    1.0     1.0   0.0   1.0   0.5
16  -1.0    1.0   -1.0     1.0   1.0   0.0   0.5
17   1.0    1.0   -1.0     0.0   1.0   1.0   0.5 
18   1.0    1.0    1.0     0.0   1.0   1.0   0.5 
19  -1.0    1.0    1.0     1.0   1.0   0.0   0.5   
20  -1.0   -1.0   -1.0     1.0   1.0   0.0   0.5
21   1.0   -1.0   -1.0     0.0   1.0   1.0   0.5
22   1.0   -1.0    1.0     0.0   1.0   1.0   0.5 
23  -1.0   -1.0    1.0     1.0   1.0   0.0   0.5
12
0   3  1  0
1   2  1  3
2   8 13 12
3   9 13  8
4  19 20 23
5  16 20 19
6  17 22 21 
7  18 22 17
8  10 15 14
9  11 15 10
10  6  4  5 
11  7  4  6 